1 9,212,600 9,673,400 10,134,000 26.1% 40.0%
2 8,242,700 8,655,000 9,067,200 26.2% 40.5%
3 7,402,200 7,772,100 8,142,400 26.4% 41.2%
4 6,673,700 7,007,500 7,341,300 26.5% 41.9%
5 6,043,500 6,345,400 6,647,700 26.7% 42.6%
6 5,489,000 5,763,400 6,038,100 26.8% 43.4%
7 5,010,800 5,261,500 5,511,800 27.0% 44.1%
8 4,590,500 4,820,100 5,049,600 27.2% 44.8%
9 4,219,600 4,430,800 4,641,700 27.4% 45.5%
10 4,008,600 4,209,000 4,409,300 27.5% 46.2%
11 3,808,200 3,998,700 4,189,200 32.7% 46.9%
12 3,617,900 3,798,900 3,979,800 37.8% 47.6%
13 3,436,900 3,608,900 3,780,700 42.9% 48.3%
14 3,265,300 3,428,500 3,591,900 48.1% 49.1%
15 3,101,700 3,256,800 3,411,900 53.3% 49.8%
16 2,946,800 3,094,100 3,241,600 53.4% 50.5%
17 2,799,300 2,939,300 3,079,300 53.6% 51.2%
18 2,659,500 2,792,300 2,925,400 53.8% 51.9%
19 2,539,700 2,666,600 2,793,900 54.0% 52.6%
20 2,438,000 2,559,900 2,681,600 54.2% 53.3%
21 2,340,500 2,457,600 2,574,700 59.3% 54.1%
22 2,247,000 2,359,300 2,471,600 64.5% 54.8%
23 2,157,200 2,265,200 2,372,700 69.7% 55.5%
24 2,071,000 2,174,500 2,278,100 74.9% 56.2%
25 1,987,900 2,087,200 2,186,900 80.1% 56.9%
26 1,922,100 2,018,100 2,114,200 80.3% 57.6%
27 1,866,600 1,960,000 2,053,500 80.4% 58.3%
28 1,855,000 1,948,100 2,040,700 80.5% 59.0%
29 1,841,700 1,933,700 2,025,900 80.5% 60.0%
30 1,828,300 1,919,600 2,011,300 80.5% 60.0%