                                               Exhibit C     C-1
                          EXHIBIT C
        2017-18 MINIMUM ANNUAL SALARY SCALE
Years of
Service       Year 1    Year 2    Year 3    Year 4      Year 5
   0         815,615
   1        1,312,611 1,378,242
   2        1,471,382 1,544,951 1,618,520
   3        1,524,305 1,600,520 1,676,735 1,752,950
   4        1,577,230 1,656,092 1,734,954 1,813,816   1,892,678
   5        1,709,538 1,795,015 1,880,492 1,965,969   2,051,446
   6        1,841,849 1,933,941 2,026,033 2,118,125   2,210,217
   7        1,974,159 2,072,867 2,171,575 2,270,283   2,368,991
   8        2,106,470 2,211,794 2,317,118 2,422,442   2,527,766
   9        2,116,955 2,222,803 2,328,651 2,434,499   2,540,347
 10+        2,328,652 2,445,085 2,561,518 2,677,951   2,794,384

